* This data was exported from the Dayton Audio Test System: DATS
*
* Piston Diameter = 0 mm
* f(s)= 0 Hz
* R(e)= 0 Ohms
* Z(max)= 0 Ohms
* Q(ms)= 0
* Q(es)= 0
* Q(ts)= 0
* V(as)= 0 liters     (0 cubic feet)
* L(e)= 0 mH
* n(0)= 0 %
* SPL= 0 1W/1m
* M(ms)= 0 grams
* C(ms)= 0 mm/N
* BL= 0 
* K(r)= 0 
* X(r)= 0 
* K(i)= 0 
* X(i)= 0 
*
*
Freq            Impedance       Phase
1.029    	3.710    	1.352    
1.059    	3.710    	1.352    
1.091    	3.710    	1.352    
1.122    	3.710    	1.352    
1.155    	3.710    	1.352    
1.189    	3.710    	1.352    
1.224    	3.710    	1.352    
1.260    	3.710    	1.352    
1.297    	3.710    	1.352    
1.335    	3.705    	1.453    
1.374    	3.705    	1.453    
1.414    	3.705    	1.453    
1.456    	3.705    	1.453    
1.498    	3.705    	1.453    
1.542    	3.705    	1.453    
1.587    	3.705    	1.453    
1.634    	3.705    	1.453    
1.682    	3.702    	1.599    
1.731    	3.702    	1.599    
1.782    	3.702    	1.599    
1.834    	3.702    	1.599    
1.888    	3.702    	1.599    
1.943    	3.702    	1.599    
2.000    	3.696    	1.769    
2.059    	3.696    	1.769    
2.119    	3.696    	1.769    
2.181    	3.696    	1.769    
2.245    	3.696    	1.769    
2.311    	3.696    	1.769    
2.378    	3.693    	1.974    
2.448    	3.693    	1.974    
2.520    	3.693    	1.974    
2.594    	3.693    	1.974    
2.670    	3.691    	2.220    
2.748    	3.691    	2.220    
2.828    	3.691    	2.220    
2.911    	3.691    	2.220    
2.997    	3.683    	2.485    
3.084    	3.683    	2.485    
3.175    	3.683    	2.485    
3.268    	3.683    	2.485    
3.364    	3.685    	2.748    
3.462    	3.685    	2.748    
3.564    	3.685    	2.748    
3.668    	3.681    	3.010    
3.775    	3.681    	3.010    
3.886    	3.681    	3.010    
4.000    	3.680    	3.275    
4.117    	3.680    	3.275    
4.238    	3.680    	3.275    
4.362    	3.668    	3.518    
4.490    	3.668    	3.518    
4.621    	3.668    	3.518    
4.757    	3.668    	3.706    
4.896    	3.668    	3.706    
5.040    	3.688    	3.850    
5.187    	3.688    	3.850    
5.339    	3.724    	4.002    
5.496    	3.724    	4.002    
5.657    	3.760    	4.196    
5.823    	3.760    	4.196    
5.993    	3.777    	4.409    
6.169    	3.777    	4.409    
6.350    	3.772    	4.603    
6.536    	3.772    	4.603    
6.727    	3.756    	4.795    
6.924    	3.756    	4.795    
7.127    	3.742    	5.051    
7.336    	3.729    	5.406    
7.551    	3.729    	5.406    
7.772    	3.711    	5.818    
8.000    	3.701    	6.201    
8.234    	3.701    	6.201    
8.476    	3.704    	6.504    
8.724    	3.712    	6.752    
8.980    	3.718    	6.987    
9.243    	3.718    	6.987    
9.514    	3.725    	7.228    
9.792    	3.737    	7.470    
10.079    	3.757    	7.719    
10.375    	3.771    	7.981    
10.679    	3.763    	8.253    
10.992    	3.742    	8.524    
11.314    	3.734    	8.795    
11.645    	3.756    	9.069    
11.986    	3.789    	9.329    
12.338    	3.808    	9.559    
12.699    	3.810    	9.784    
13.071    	3.801    	10.046    
13.454    	3.790    	10.343    
13.849    	3.788    	10.633    
14.254    	3.808    	10.898    
14.672    	3.837    	11.293    
15.102    	3.824    	11.708    
15.545    	3.811    	11.984    
16.000    	3.823    	12.424    
16.469    	3.849    	12.875    
16.951    	3.859    	13.279    
17.448    	3.858    	13.658    
17.959    	3.870    	14.029    
18.486    	3.885    	14.400    
19.027    	3.897    	14.812    
19.585    	3.914    	15.398    
20.159    	3.919    	15.809    
20.749    	3.918    	16.222    
21.357    	3.940    	16.755    
21.983    	3.958    	17.186    
22.627    	3.987    	17.632    
23.290    	4.011    	18.095    
23.973    	4.020    	18.597    
24.675    	4.048    	19.132    
25.398    	4.056    	19.662    
26.143    	4.071    	20.242    
26.909    	4.094    	20.990    
27.697    	4.118    	21.762    
28.509    	4.144    	22.357    
29.344    	4.173    	23.127    
30.204    	4.208    	24.032    
31.089    	4.260    	24.769    
32.000    	4.292    	25.534    
32.938    	4.336    	26.371    
33.903    	4.397    	27.300    
34.896    	4.461    	28.269    
35.919    	4.524    	29.200    
36.971    	4.582    	30.107    
38.055    	4.647    	31.083    
39.170    	4.719    	32.235    
40.317    	4.815    	33.326    
41.499    	4.924    	34.248    
42.715    	5.029    	35.121    
43.967    	5.151    	36.346    
45.255    	5.309    	37.544    
46.581    	5.475    	38.735    
47.946    	5.661    	39.895    
49.351    	5.861    	41.006    
50.797    	6.153    	42.195    
52.285    	6.487    	42.854    
53.817    	6.848    	43.423    
55.394    	7.275    	43.608    
57.018    	7.649    	43.418    
58.688    	8.071    	42.879    
60.408    	8.585    	41.711    
62.178    	9.090    	40.261    
64.000    	9.533    	38.513    
65.875    	9.935    	36.449    
67.806    	10.271    	33.972    
69.792    	10.516    	31.535    
71.838    	10.703    	29.537    
73.943    	10.832    	28.044    
76.109    	10.957    	26.959    
78.339    	11.165    	26.290    
80.635    	11.528    	26.071    
82.998    	12.048    	25.729    
85.430    	12.768    	24.867    
87.933    	13.706    	23.006    
90.510    	14.731    	19.938    
93.162    	15.699    	15.774    
95.892    	16.560    	9.831    
98.701    	17.056    	3.452    
101.594    	17.104    	-3.109    
104.571    	16.787    	-10.001    
107.635    	16.211    	-16.194    
110.789    	15.363    	-21.656    
114.035    	14.347    	-26.099    
117.377    	13.205    	-29.737    
120.816    	11.985    	-33.510    
124.356    	11.071    	-36.763    
128.000    	10.374    	-38.051    
131.751    	9.507    	-37.682    
135.611    	8.512    	-37.706    
139.585    	7.796    	-39.395    
143.675    	7.534    	-39.391    
147.885    	7.133    	-35.754    
152.219    	6.407    	-33.532    
156.679    	6.068    	-34.702    
161.270    	6.270    	-31.919    
165.995    	5.991    	-26.450    
170.860    	5.502    	-28.404    
175.866    	5.641    	-30.680    
181.019    	5.490    	-26.040    
186.324    	4.911    	-25.803    
191.783    	5.040    	-26.679    
197.403    	4.864    	-21.154    
203.187    	4.500    	-22.249    
209.141    	4.725    	-20.856    
215.269    	4.415    	-16.636    
221.577    	4.380    	-18.261    
228.070    	4.406    	-14.168    
234.753    	4.198    	-13.936    
241.632    	4.291    	-12.125    
248.712    	4.140    	-10.400    
256.000    	4.184    	-9.140    
263.501    	4.101    	-7.478    
271.223    	4.114    	-6.128    
279.170    	4.068    	-4.704    
287.350    	4.073    	-3.168    
295.770    	4.058    	-1.971    
304.437    	4.054    	-0.480    
313.358    	4.061    	0.793    
322.540    	4.062    	2.112    
331.991    	4.072    	3.440    
341.719    	4.089    	4.679    
351.732    	4.096    	5.912    
362.039    	4.120    	7.138    
372.647    	4.145    	8.308    
383.567    	4.168    	9.429    
394.806    	4.189    	10.564    
406.375    	4.222    	11.691    
418.282    	4.254    	12.787    
430.539    	4.288    	13.867    
443.155    	4.328    	14.969    
456.140    	4.369    	15.911    
469.506    	4.407    	16.919    
483.264    	4.452    	17.951    
497.424    	4.494    	18.976    
512.000    	4.546    	19.966    
527.003    	4.595    	20.926    
542.445    	4.659    	21.895    
558.340    	4.723    	22.743    
574.701    	4.775    	23.422    
591.541    	4.821    	24.286    
608.874    	4.878    	25.228    
626.715    	4.937    	26.134    
645.080    	5.007    	27.030    
663.982    	5.075    	27.875    
683.438    	5.147    	28.714    
703.464    	5.220    	29.508    
724.077    	5.298    	30.343    
745.294    	5.378    	31.107    
767.133    	5.458    	31.875    
789.612    	5.544    	32.641    
812.749    	5.634    	33.388    
836.565    	5.726    	34.103    
861.078    	5.821    	34.777    
886.309    	5.924    	35.427    
912.280    	6.022    	36.042    
939.012    	6.112    	36.595    
966.527    	6.200    	37.256    
994.849    	6.306    	37.913    
1024.000    	6.399    	38.414    
1054.005    	6.488    	39.138    
1084.890    	6.606    	39.964    
1116.680    	6.724    	40.641    
1149.401    	6.845    	41.279    
1183.081    	6.978    	41.869    
1217.748    	7.100    	42.446    
1253.431    	7.228    	43.090    
1290.159    	7.372    	43.719    
1327.964    	7.522    	44.331    
1366.876    	7.699    	44.920    
1406.929    	7.906    	44.945    
1448.155    	7.950    	44.885    
1490.589    	8.052    	45.814    
1534.266    	8.220    	46.524    
1579.224    	8.387    	47.101    
1625.499    	8.554    	47.608    
1673.129    	8.724    	48.099    
1722.156    	8.904    	48.556    
1772.619    	9.087    	49.004    
1824.561    	9.267    	49.428    
1878.024    	9.458    	49.865    
1933.055    	9.649    	50.268    
1989.697    	9.847    	50.675    
2048.000    	10.051    	51.059    
2108.011    	10.263    	51.457    
2169.780    	10.474    	51.810    
2233.360    	10.694    	52.169    
2298.802    	10.916    	52.503    
2366.162    	11.150    	52.843    
2435.496    	11.383    	53.147    
2506.862    	11.622    	53.486    
2580.318    	11.874    	53.779    
2655.927    	12.129    	54.100    
2733.752    	12.393    	54.375    
2813.857    	12.667    	54.682    
2896.309    	12.954    	54.975    
2981.178    	13.258    	55.260    
3068.533    	13.577    	55.486    
3158.448    	13.916    	55.781    
3250.997    	14.351    	56.065    
3346.259    	15.024    	55.652    
3444.312    	15.206    	52.455    
3545.238    	14.591    	52.979    
3649.121    	14.804    	54.941    
3756.049    	15.198    	55.784    
3866.109    	15.582    	56.238    
3979.395    	15.953    	56.561    
4096.000    	16.327    	56.819    
4216.022    	16.693    	56.975    
4339.561    	17.041    	57.170    
4466.720    	17.413    	57.394    
4597.605    	17.795    	57.597    
4732.325    	18.193    	57.771    
4870.992    	18.612    	57.936    
5013.723    	19.064    	57.962    
5160.637    	19.422    	57.785    
5311.855    	19.796    	58.006    
5467.504    	20.184    	58.042    
5627.714    	20.595    	58.206    
5792.619    	21.006    	58.393    
5962.355    	21.513    	58.490    
6137.066    	21.957    	58.193    
6316.896    	22.220    	58.333    
6501.995    	22.672    	58.695    
6692.518    	23.164    	58.894    
6888.623    	23.663    	59.038    
7090.476    	24.173    	59.131    
7298.242    	24.680    	59.182    
7512.097    	25.174    	59.279    
7732.218    	25.700    	59.399    
7958.790    	26.250    	59.478    
8192.000    	26.810    	59.539    
8432.044    	27.360    	59.533    
8679.122    	27.892    	59.600    
8933.439    	28.458    	59.679    
9195.209    	29.033    	59.758    
9464.649    	29.632    	59.823    
9741.985    	30.230    	59.899    
10027.447    	30.858    	59.962    
10321.273    	31.485    	60.009    
10623.710    	32.125    	60.068    
10935.008    	32.781    	60.121    
11255.428    	33.459    	60.180    
11585.238    	34.141    	60.218    
11924.711    	34.830    	60.263    
12274.132    	35.545    	60.320    
12633.791    	36.269    	60.363    
13003.989    	37.005    	60.396    
13385.035    	37.763    	60.443    
13777.247    	38.532    	60.471    
14180.951    	39.310    	60.514    
14596.485    	40.113    	60.551    
15024.194    	40.922    	60.579    
15464.437    	41.748    	60.618    
15917.579    	42.597    	60.645    
16384.000    	43.466    	60.680    
16864.088    	44.354    	60.712    
17358.243    	45.251    	60.741    
17866.879    	46.147    	60.734    
18390.418    	47.015    	60.756    
18929.299    	47.908    	60.803    
19483.969    	48.818    	60.835    
20054.893    	49.724    	60.871    
20642.546    	50.587    	60.927    
