* This data was exported from the Dayton Audio Test System: DATS
*
* Piston Diameter = 0 mm
* f(s)= 0 Hz
* R(e)= 0 Ohms
* Z(max)= 0 Ohms
* Q(ms)= 0
* Q(es)= 0
* Q(ts)= 0
* V(as)= 0 liters     (0 cubic feet)
* L(e)= 0 mH
* n(0)= 0 %
* SPL= 0 1W/1m
* M(ms)= 0 grams
* C(ms)= 0 mm/N
* BL= 0 
* K(r)= 3.985e+06 
* X(r)= -0.4653 
* K(i)= -109.5 
* X(i)= 0.4333 
*
*
Freq            Impedance       Phase
1.029    	6.606    	0.263    
1.059    	6.606    	0.263    
1.091    	6.606    	0.263    
1.122    	6.606    	0.263    
1.155    	6.606    	0.263    
1.189    	6.606    	0.263    
1.224    	6.606    	0.263    
1.260    	6.606    	0.263    
1.297    	6.606    	0.263    
1.335    	6.598    	0.259    
1.374    	6.598    	0.259    
1.414    	6.598    	0.259    
1.456    	6.598    	0.259    
1.498    	6.598    	0.259    
1.542    	6.598    	0.259    
1.587    	6.598    	0.259    
1.634    	6.598    	0.259    
1.682    	6.593    	0.259    
1.731    	6.593    	0.259    
1.782    	6.593    	0.259    
1.834    	6.593    	0.259    
1.888    	6.593    	0.259    
1.943    	6.593    	0.259    
2.000    	6.593    	0.254    
2.059    	6.593    	0.254    
2.119    	6.593    	0.254    
2.181    	6.593    	0.254    
2.245    	6.593    	0.254    
2.311    	6.593    	0.254    
2.378    	6.595    	0.237    
2.448    	6.595    	0.237    
2.520    	6.595    	0.237    
2.594    	6.595    	0.237    
2.670    	6.597    	0.210    
2.748    	6.597    	0.210    
2.828    	6.597    	0.210    
2.911    	6.597    	0.210    
2.997    	6.596    	0.185    
3.084    	6.596    	0.185    
3.175    	6.596    	0.185    
3.268    	6.596    	0.185    
3.364    	6.600    	0.190    
3.462    	6.600    	0.190    
3.564    	6.600    	0.190    
3.668    	6.594    	0.214    
3.775    	6.594    	0.214    
3.886    	6.594    	0.214    
4.000    	6.594    	0.232    
4.117    	6.594    	0.232    
4.238    	6.594    	0.232    
4.362    	6.586    	0.228    
4.490    	6.586    	0.228    
4.621    	6.586    	0.228    
4.757    	6.584    	0.218    
4.896    	6.584    	0.218    
5.040    	6.585    	0.213    
5.187    	6.585    	0.213    
5.339    	6.588    	0.204    
5.496    	6.588    	0.204    
5.657    	6.589    	0.197    
5.823    	6.589    	0.197    
5.993    	6.588    	0.202    
6.169    	6.588    	0.202    
6.350    	6.587    	0.214    
6.536    	6.587    	0.214    
6.727    	6.588    	0.221    
6.924    	6.588    	0.221    
7.127    	6.589    	0.223    
7.336    	6.590    	0.226    
7.551    	6.590    	0.226    
7.772    	6.590    	0.230    
8.000    	6.591    	0.231    
8.234    	6.591    	0.231    
8.476    	6.590    	0.234    
8.724    	6.589    	0.236    
8.980    	6.589    	0.233    
9.243    	6.589    	0.233    
9.514    	6.590    	0.222    
9.792    	6.590    	0.208    
10.079    	6.590    	0.191    
10.375    	6.591    	0.180    
10.679    	6.590    	0.181    
10.992    	6.590    	0.190    
11.314    	6.591    	0.201    
11.645    	6.591    	0.210    
11.986    	6.592    	0.216    
12.338    	6.592    	0.222    
12.699    	6.593    	0.233    
13.071    	6.593    	0.249    
13.454    	6.594    	0.264    
13.849    	6.595    	0.272    
14.254    	6.596    	0.274    
14.672    	6.596    	0.277    
15.102    	6.595    	0.291    
15.545    	6.595    	0.307    
16.000    	6.595    	0.330    
16.469    	6.595    	0.353    
16.951    	6.595    	0.381    
17.448    	6.595    	0.411    
17.959    	6.594    	0.432    
18.486    	6.593    	0.444    
19.027    	6.592    	0.456    
19.585    	6.590    	0.473    
20.159    	6.590    	0.476    
20.749    	6.589    	0.476    
21.357    	6.589    	0.470    
21.983    	6.589    	0.474    
22.627    	6.589    	0.487    
23.290    	6.589    	0.506    
23.973    	6.589    	0.523    
24.675    	6.590    	0.539    
25.398    	6.590    	0.543    
26.143    	6.590    	0.543    
26.909    	6.589    	0.550    
27.697    	6.589    	0.577    
28.509    	6.589    	0.600    
29.344    	6.589    	0.629    
30.204    	6.589    	0.659    
31.089    	6.589    	0.666    
32.000    	6.590    	0.673    
32.938    	6.591    	0.688    
33.903    	6.592    	0.720    
34.896    	6.592    	0.769    
35.919    	6.593    	0.815    
36.971    	6.592    	0.848    
38.055    	6.591    	0.860    
39.170    	6.591    	0.863    
40.317    	6.592    	0.872    
41.499    	6.591    	0.887    
42.715    	6.591    	0.914    
43.967    	6.592    	0.949    
45.255    	6.594    	0.965    
46.581    	6.594    	1.011    
47.946    	6.593    	1.061    
49.351    	6.581    	1.036    
50.797    	6.582    	1.073    
52.285    	6.598    	1.127    
53.817    	6.600    	1.171    
55.394    	6.598    	1.229    
57.018    	6.596    	1.237    
58.688    	6.597    	1.262    
60.408    	6.596    	1.334    
62.178    	6.597    	1.359    
64.000    	6.597    	1.371    
65.875    	6.595    	1.419    
67.806    	6.595    	1.464    
69.792    	6.601    	1.523    
71.838    	6.602    	1.579    
73.943    	6.601    	1.628    
76.109    	6.599    	1.649    
78.339    	6.602    	1.691    
80.635    	6.606    	1.761    
82.998    	6.606    	1.799    
85.430    	6.604    	1.856    
87.933    	6.604    	1.944    
90.510    	6.604    	2.019    
93.162    	6.602    	2.046    
95.892    	6.605    	2.080    
98.701    	6.603    	2.160    
101.594    	6.603    	2.236    
104.571    	6.610    	2.297    
107.635    	6.612    	2.370    
110.789    	6.609    	2.450    
114.035    	6.611    	2.527    
117.377    	6.612    	2.591    
120.816    	6.611    	2.660    
124.356    	6.613    	2.763    
128.000    	6.616    	2.845    
131.751    	6.620    	2.960    
135.611    	6.620    	3.014    
139.585    	6.621    	3.087    
143.675    	6.622    	3.236    
147.885    	6.624    	3.302    
152.219    	6.629    	3.397    
156.679    	6.632    	3.510    
161.270    	6.633    	3.634    
165.995    	6.636    	3.766    
170.860    	6.637    	3.885    
175.866    	6.639    	4.001    
181.019    	6.641    	4.142    
186.324    	6.645    	4.288    
191.783    	6.647    	4.408    
197.403    	6.653    	4.576    
203.187    	6.657    	4.729    
209.141    	6.662    	4.895    
215.269    	6.664    	5.074    
221.577    	6.672    	5.254    
228.070    	6.675    	5.487    
234.753    	6.679    	5.711    
241.632    	6.683    	5.905    
248.712    	6.692    	6.129    
256.000    	6.702    	6.373    
263.501    	6.711    	6.643    
271.223    	6.719    	6.924    
279.170    	6.729    	7.236    
287.350    	6.743    	7.567    
295.770    	6.757    	7.889    
304.437    	6.769    	8.268    
313.358    	6.783    	8.695    
322.540    	6.806    	9.155    
331.991    	6.832    	9.650    
341.719    	6.858    	10.226    
351.732    	6.889    	10.863    
362.039    	6.933    	11.547    
372.647    	6.982    	12.305    
383.567    	7.045    	13.206    
394.806    	7.121    	14.259    
406.375    	7.228    	15.474    
418.282    	7.374    	16.906    
430.539    	7.582    	18.602    
443.155    	7.890    	20.581    
456.140    	8.373    	22.821    
469.506    	9.207    	25.074    
483.264    	10.673    	26.003    
497.424    	12.956    	22.754    
512.000    	15.378    	11.670    
527.003    	15.540    	-5.761    
542.445    	13.099    	-18.025    
558.340    	10.736    	-21.456    
574.701    	9.263    	-20.701    
591.541    	8.400    	-18.620    
608.874    	7.874    	-16.387    
626.715    	7.542    	-14.362    
645.080    	7.330    	-12.516    
663.982    	7.188    	-10.853    
683.438    	7.087    	-9.343    
703.464    	7.002    	-8.043    
724.077    	6.940    	-6.970    
745.294    	6.903    	-5.988    
767.133    	6.865    	-5.082    
789.612    	6.840    	-4.323    
812.749    	6.824    	-3.580    
836.565    	6.808    	-2.938    
861.078    	6.797    	-2.338    
886.309    	6.790    	-1.750    
912.280    	6.787    	-1.239    
939.012    	6.782    	-0.762    
966.527    	6.781    	-0.300    
994.849    	6.780    	0.127    
1024.000    	6.782    	0.546    
1054.005    	6.782    	0.947    
1084.890    	6.784    	1.358    
1116.680    	6.790    	1.723    
1149.401    	6.793    	2.063    
1183.081    	6.802    	2.412    
1217.748    	6.805    	2.737    
1253.431    	6.813    	3.079    
1290.159    	6.821    	3.409    
1327.964    	6.830    	3.745    
1366.876    	6.841    	4.054    
1406.929    	6.850    	4.379    
1448.155    	6.859    	4.716    
1490.589    	6.872    	5.017    
1534.266    	6.895    	5.370    
1579.224    	6.920    	5.571    
1625.499    	6.921    	5.795    
1673.129    	6.924    	6.147    
1722.156    	6.939    	6.481    
1772.619    	6.960    	6.791    
1824.561    	6.980    	7.087    
1878.024    	7.004    	7.387    
1933.055    	7.031    	7.686    
1989.697    	7.065    	7.942    
2048.000    	7.100    	8.133    
2108.011    	7.132    	8.229    
2169.780    	7.147    	8.212    
2233.360    	7.145    	8.235    
2298.802    	7.131    	8.420    
2366.162    	7.119    	8.707    
2435.496    	7.115    	9.073    
2506.862    	7.117    	9.480    
2580.318    	7.129    	9.894    
2655.927    	7.144    	10.304    
2733.752    	7.166    	10.684    
2813.857    	7.195    	11.088    
2896.309    	7.222    	11.430    
2981.178    	7.240    	11.759    
3068.533    	7.262    	12.164    
3158.448    	7.289    	12.587    
3250.997    	7.332    	13.003    
3346.259    	7.382    	13.339    
3444.312    	7.425    	13.632    
3545.238    	7.447    	13.856    
3649.121    	7.471    	14.195    
3756.049    	7.494    	14.634    
3866.109    	7.549    	15.249    
3979.395    	7.642    	15.751    
4096.000    	7.771    	15.709    
4216.022    	7.792    	15.127    
4339.561    	7.739    	15.258    
4466.720    	7.736    	15.793    
4597.605    	7.764    	16.302    
4732.325    	7.810    	16.748    
4870.992    	7.868    	17.106    
5013.723    	7.908    	17.254    
5160.637    	7.927    	17.656    
5311.855    	7.991    	18.037    
5467.504    	8.035    	18.248    
5627.714    	8.072    	18.367    
5792.619    	8.063    	18.691    
5962.355    	8.098    	19.259    
6137.066    	8.148    	19.690    
6316.896    	8.188    	20.010    
6501.995    	8.218    	20.452    
6692.518    	8.260    	20.911    
6888.623    	8.305    	21.378    
7090.476    	8.352    	21.869    
7298.242    	8.405    	22.388    
7512.097    	8.468    	22.927    
7732.218    	8.535    	23.449    
7958.790    	8.613    	23.923    
8192.000    	8.695    	24.369    
8432.044    	8.766    	24.748    
8679.122    	8.827    	25.156    
8933.439    	8.895    	25.650    
9195.209    	8.974    	26.130    
9464.649    	9.055    	26.611    
9741.985    	9.143    	27.096    
10027.447    	9.231    	27.574    
10321.273    	9.324    	28.040    
10623.710    	9.419    	28.461    
10935.008    	9.514    	28.887    
11255.428    	9.617    	29.344    
11585.238    	9.718    	29.769    
11924.711    	9.818    	30.196    
12274.132    	9.921    	30.656    
12633.791    	10.027    	31.107    
13003.989    	10.139    	31.541    
13385.035    	10.254    	31.974    
13777.247    	10.372    	32.421    
14180.951    	10.493    	32.883    
14596.485    	10.619    	33.333    
15024.194    	10.747    	33.736    
15464.437    	10.883    	34.163    
15917.579    	11.023    	34.587    
16384.000    	11.164    	35.001    
16864.088    	11.310    	35.439    
17358.243    	11.452    	35.839    
17866.879    	11.595    	36.225    
18390.418    	11.739    	36.589    
18929.299    	11.876    	36.899    
19483.969    	12.016    	37.216    
20054.893    	12.144    	37.489    
20642.546    	12.253    	37.709    
